1763
15280
21006
92574
66221
61797
42457
10219
67176
68596
53111
20835
84628
23152
73026
17538
16203
54601
8748
84381
61410
73866
42192
68555
75374
38706
69347
12848
51428
22348
20586
36135
16665
46318
16741
72267
41128
97355
25160
40226
56114
65557
8970
80071
15743
93586
95766
8370
41826
36474
82591
32294
19675
87339
16657
48503
58710
71624
6882
99127
99057
19253
80968
33627
73275
21319
34564
19918
86008
62892
25115
45842
65985
46423
96838
94094
55464
39941
36799
6072
37817
76529
21820
69824
6108
40560
76216
33815
99766
16715
7820
19323
10096
43799
24445
96192
14383
66514
63983
32412
34466
57083
79448
99343
21819
40974
90223
12076
20660
62844
28546
91689
77619
9219
13095
71103
42664
32815
26570
36318
26643
88332
50630
81873
82242
33927
51983
56713
10040
71648
89387
15592
74730
54190
8705
45517
99170
77775
60041
96343
63910
74
55683
50647
5716
13316
56580
33270
28132
95547
48044
58304
28463
45057
72530
17580
80621
47929
89376
56298
79450
61991
60091
26824
32050
8023
72731
33312
70236
29774
89913
56033
5635
18980
26342
16888
22335
62534
33784
27482
56051
99303
68959
64369
27631
84318
87734
74210
63093
97536
60981
8119
45017
8635
40484
48205
21121
73740
51722
88796
3116
73597
29026
78014
67919
2111
2063
50046
9594
89151
10054
91743
51546
84008
57130
12646
76151
43638
24854
24517
59933
63378
13234
14276
13208
35279
83976
5230
8441
3743
96177
14646
41590
4370
4265
56612
71981
18829
13857
52927
2536
9347
979
99832
78332
48723
61839
19953
34187
91837
49204
82377
57258
34626
26011
63046
38525
59543
43661
99741
75519
45061
83797
49184
1565
33409
66128
22468
6530
26627
59041
56622
99725
26949
8033
2874
11806
66618
88403
39176
56336
90376
53334
99652
53055
47363
42964
59023
83467
67240
19351
2799
61206
63666
94330
86544
64391
39549
46749
35637
41521
72885
45811
76736
71565
19033
67190
34425
67843
12274
27002
50430
9192
97482
30559
52903
80481
61611
71456
19189
92422
70229
41320
14679
21218
68379
76900
87193
23319
3354
17108
41321
80094
77271
20475
22791
71692
28852
66773
68072
30384
59471
92072
33639
31224
75127
22387
94505
72948
40844
66884
20107
77906
11698
59622
99242
83144
27121
84343
51471
74001
96845
56343
46453
55918
14589
26076
78744
64334
77097
61923
40444
32840
76837
70689
38551
7589
6084
8695
62780
47419
68283
55780
90917
22611
93396
84564
36380
18636
2891
67318
48902
7193
70569
38508
36909
36005
27322
92731
34792
54743
62253
41954
75785
42064
28584
97864
32387
18065
77349
10158
3701
93018
12844
8707
59351
91917
60974
54
48833
76497
61948
66246
45107
67507
47138
94934
99204
99750
24164
44892
92170
2891
62931
43384
92290
76012
71211
69762
66941
52770
93772
15196
84328
63382
88467
35591
27190
15044
15061
28113
63436
69436
36312
50443
84488
92355
95757
30521
70255
92630
4461
36547
84658
71054
31183
83145
79196
60447
22596
54899
19547
15450
9008
33638
88872
23379
73796
12594
96852
56540
47740
33544
81329
85232
93074
2249
17691
16941
96862
97402
87841
23416
39723
39828
91316
7492
67670
53815
68203
31917
27045
92319
69839
12799
64642
13262
51786
15924
92531
51561
96615
23706
984
45183
29766
2514
39776
30116
88607
97813
51271
22524
85488
83217
44560
10610
29444
64017
38747
89992
79426
48955
76388
36809
21455
98643
1368
93754
40769
3293
59796
13584
56962
84480
70620
68251
8413
49189
20244
15999
98856
31391
1471
27203
40877
58980
55633
74818
93495
29529
62835
78431
27094
35085
59731
58390
21167
84028
11045
78254
47874
22867
81627
34314
14489
33843
14012
45982
84555
96302
46499
86047
44394
91055
93623
31411
34095
70710
50979
38888
86783
1217
49393
24865
97882
42630
18311
21546
73889
73244
7966
91372
92161
53850
40603
11644
72608
39863
54221
46958
80899
12785
88418
50184
2553
61097
68069
35569
41160
84907
91800
8360
33746
69835
43657
60816
58179
82923
85
20617
9850
94681
28438
67386
65042
49365
20138
15818
53324
85424
53282
50767
63226
55633
48515
15934
20138
56529
43388
70720
6573
774
57477
45093
86883
77244
74928
78162
99397
44607
81039
74806
91023
45046
13090
81499
89064
44937
27482
2168
89455
93379
81967
8419
36996
53682
45435
22084
86544
19627
76113
40676
32913
98187
33853
65316
59526
86137
90490
69099
14100
29287
53546
99479
22547
93814
84789
7508
66552
81401
57281
42506
9823
45490
11497
68400
11092
26809
82558
28351
40638
22459
83191
67138
393
7487
12982
78185
42607
23908
64153
6429
6403
57030
17913
2478
72601
48223
94819
49352
45461
55146
88433
59139
77455
82914
81604
13946
3231
66026
23423
22995
80906
27910
54563
28669
68873
90086
11555
63288
10771
4130
19363
2222
2375
38273
39090
22144
9848
98612
44545
39323
71316
84671
85023
28489
91827
87896
90546
60291
28857
49000
70516
41156
58407
73038
79432
64281
9829
75491
51735
23253
94244
89464
79756
53953
80243
84763
55624
59536
83905
57017
9922
20849
40009
33405
99743
54622
93183
26870
32554
99633
82645
14583
69104
15606
38410
29176
62650
92891
40912
41850
95272
75299
41944
99464
17927
67130
11292
19609
55662
15876
41641
41521
94331
48879
24103
68967
65029
77798
27111
93026
67901
75239
19848
76540
45254
69036
81317
98825
38446
28197
84799
20208
3528
66951
19522
23352
78824
67294
9878
59070
19674
60670
19205
21154
13183
62263
28931
13282
84805
85639
33215
26622
44193
30313
30245
59803
1612
75243
72142
91171
90615
42141
18053
58633
1741
81637
43926
16042
21476
74032
24949
7919
32094
37763
67975
41135
92386
35376
5841
23474
13938
12131
57564
34768
17578
91676
44642
41335
16532
61847
38456
83467
19114
9319
27927
8168
22025
1153
87496
46308
82510
9652
4204
48559
26992
81943
74501
72188
16825
36315
99013
1977
7490
19135
72881
88954
21386
8067
1265
19189
17331
96372
31351
28326
82298
47141
88105
23378
97777
41663
22348
59016
8954
6351
90959
56291
82530
44541
81650
93037
21623
17182
62002
37438
72136
34911
73458
22050
54840
92450
61062
47800
22302
83045
64063
79574
49083
40733
80750
29994
36825
46562
44983
44220
47421
64388
86100
75631
53225
78651
69154
64262
37201
74460
42444
87395
36439
91495
59571
35754
33637
84349
33847
52421
22247
90127
46308
64033
28642
8850
68315
90805
80565
52879
95900
85730
67978
57815
11917
6422
32761
80499
86314
31563
60762
92409
3785
11885
61668
17210
33096
93048
13447
97945
18741
60735
1859
24438
56154
71849
93667
41960
11652
77014
90905
98186
8494
47360
93462
9452
10223
1949
52710
61514
9500
73216
61446
23865
15163
48831
63908
13566
44261
51919
22450
77625
55479
13611
13189
34526
29622
27348
30224
79460
88828
64882
74136
31862
83779
56889
32660
60584
87629
42247
66532
21828
2766
44233
13802
19457
61974
22109
66025
19989
71615
434
99481
51873
8239
9388
23555
10091
51338
92900
64831
91753
92952
74316
32616
72537
96270
96880
84345
62734
66172
35768
98407
58244
3250
79178
17754
63412
88112
7756
9992
12003
49352
53223
12304
45558
74802
43655
66480
79232
46572
55199
83524
54299
63404
41
540
64213
43940
38507
43288
96866
79216
49077
44642
22703
76990
9927
41224
86711
13595
52976
62581
5486
62454
12817
94059
59738
97428
66208
65184
83714
25263
44552
31922
90047
14315
99181
62247
13167
43799
51405
29957
47368
38108
93826
60043
46025
13989
7492
85738
57900
47403
31276
17892
8824
7420
59700
43487
24340
62568
66202
79238
70293
74599
83746
52573
3832
12810
89659
18142
43659
53309
74778
5845
36165
29653
78242
42132
50518
11932
6086
27508
16665
10294
21477
58665
50343
84334
90868
96160
67397
38787
76377
34455
39933
9257
90067
88826
88938
1661
37719
33142
79692
92136
44406
75995
62556
49743
99546
20467
89498
1045
85839
24889
15874
69166
71902
16311
69980
56417
38036
90305
93651
1624
3586
48904
98621
64519
39582
27868
5497
93719
7206
34625
82072
36910
33732
28108
21425
35101
80749
41914
26616
51942
52228
39693
93801
46823
2908
51364
33406
24551
32474
87286
75937
63964
94745
89323
18907
32599
66343
22871
63754
72397
96076
56436
93265
81730
65322
62619
7049
47540
19456
11966
13173
64865
76041
24869
18356
79766
47426
5603
12272
2006
425
53972
76051
93347
30977
56373
48313
9132
23857
74432
66592
65810
52908
19811
88508
57208
54635
4636
80807
89032
11863
64723
66869
87196
28163
71316
96070
47599
27957
38119
72437
20481
88805
65166
76525
16544
73534
34874
12124
64634
50658
56522
2207
45212
64299
58466
34716
64325
58763
41444
8143
71180
54164
23501
15836
63306
42196
26734
85795
70598
89817
80229
91858
87292
37842
20760
58228
82153
68725
70990
85063
95317
12605
67146
16172
60605
87660
11429
21047
1403
35470
76454
73893
13621
73886
20928
64238
14559
41089
55368
95408
93358
18000
49170
70091
55643
67636
97415
74411
21135
73802
1829
84384
13329
81990
9043
99049
37129
87603
12863
99151
4016
63800
25078
3342
13174
49303
78848
52078
47888
87823
66005
64976
2012
65025
54848
85699
15218
60719
80366
66807
20105
76448
24563
33737
49058
97153
27802
18812
6741
86918
35174
42249
78007
38509
92457
76109
94757
13507
64064
56705
16527
85632
35594
81991
49540
40366
36452
77984
75733
25831
66242
65594
90665
96860
1611
17639
78397
53234
29074
5289
33365
53830
39788
84969
81924
73233
44051
78470
96564
44679
85654
2987
70962
84058
50170
86842
41689
14651
61298
74724
90937
24992
76822
13178
84196
38145
74531
4830
62069
28157
53199
75634
75229
67386
68647
94578
15147
1385
92679
1342
38903
22759
86357
66127
47564
3711
72218
6571
34768
18157
80574
64372
24625
30847
12991
2650
88237
68372
79373
43985
73438
72454
14470
81021
57024
6531
10665
90282
90016
29175
74649
7512
92707
43398
6352
66803
31089
64981
10877
29824
43100
17576
2043
79668
87920
80006
83152
94783
31833
65400
87103
81157
9452
30545
44970
61645
28307
15432
5127
46739
78840
20960
29758
11832
98988
59944
95836
7993
54869
84510
2231
11965
74706
43695
68703
5575
71405
93146
57373
45932
92604
78898
10891
47678
69939
47874
53999
19175
64425
25195
23829
60114
92069
56840
68489
97954
57158
19187
79854
55078
72972
95744
74205
84900
43942
6151
70749
4307
64857
36383
95995
32709
76297
71494
58598
20736
54631
38429
93962
68590
90167
37360
39208
63754
31357
69747
59438
64379
24036
92424
37336
39390
71946
17118
5186
17211
61420
81107
28904
28186
37257
4121
2077
71214
67253
93463
15652
21711
79485
7302
5359
5574
58513
94620
2033
24641
75667
87494
38530
23398
72923
45581
68879
41508
5476
62555
69147
93445
51831
18712
96598
15008
38994
39405
33847
47500
404
1961
40409
67054
41543
84577
70128
2355
4939
31538
41575
42297
74971
72547
36568
29351
92286
93958
11431
26942
48493
32317
5307
92775
81756
37945
82553
7723
29734
93981
40990
79074
2297
82977
75449
78947
72283
92243
27748
86394
73176
28855
8029
55511
91465
99471
81413
10723
95459
43190
90772
65326
94329
80743
25238
56004
33614
75835
8582
5662
79451
44110
24454
36692
57433
83235
51224
77424
72204
79038
97788
49405
14637
80495
19175
6239
1202
64687
82012
46013
86299
45666
69961
18361
2140
29756
28161
992
53122
7713
20497
70908
78756
93253
40226
11654
74440
10226
58474
34169
66606
68199
1710
2755
95773
31453
67544
60373
59592
32005
5297
96281
35869
16109
88412
7490
72906
75618
53679
26431
28428
40080
36110
86346
87797
65092
10278
94333
10265
44082
11106
91428
58966
5842
3694
48717
42621
79334
80870
18396
92737
43191
2233
14171
67899
56956
27744
37743
57463
10620
93653
45798
42751
68843
46353
34252
29058
83441
22758
85628
63393
17576
28790
73395
40086
58724
70830
98113
27873
93933
10339
82905
68976
51719
59431
89480
65962
77491
2856
50370
42168
50606
21382
46135
9648
50423
49710
8325
84128
9774
45015
30343
39540
73368
60952
17451
27556
92511
17765
34626
29724
20598
55780
32368
14505
34139
48976
93219
27805
8309
30730
64352
37664
81212
16406
24185
78003
34455
78137
99098
68961
33057
22093
85379
4613
89381
61310
26800
60978
1321
3396
12916
31363
65159
414
4581
92864
91925
71111
54448
41385
58598
37016
95757
39618
58986
90266
30989
23419
58416
36166
59952
78523
68140
73594
62675
91913
99668
72986
10246
92918
66820
79329
83292
59530
31809
68067
31643
24713
67419
97025
19252
36994
15915
95079
51500
12692
11100
5989
97625
42046
74918
17032
15688
11809
39157
25077
54139
63891
65160
94977
96208
39395
70485
57680
17468
47364
24330
20776
53816
60793
28239
721
62609
15803
92552
51883
17315
13770
62902
65836
96448
77965
18908
30101
49833
31655
6078
70511
64031
46393
7206
28391
31988
38670
66241
79684
62779
36326
67558
80737
70430
73154
20503
27467
60397
52617
30752
33496
16340
50998
9340
25474
70886
24095
94966
56255
18134
19393
90733
36574
43460
80973
58289
20384
71732
85929
24490
36369
46522
18756
92185
76290
98609
85114
6869
67684
1708
56800
50743
22978
18532
53165
81522
45595
35343
20166
2617
65531
9970
19012
96933
28950
12205
69827
57294
18688
37077
32873
20182
59211
55935
68561
5221
94014
89175
37716
35023
65519
26704
94836
28690
17885
82326
56644
59036
780
5280
91510
14441
9885
48546
6978
99241
62218
66302
85968
12896
25723
15546
37411
23080
26376
73965
65378
94865
38507
97522
23844
63944
67456
70207
99992
31925
11101
96176
51726
91870
58504
52124
52229
61385
14681
73578
33329
22079
39054
93084
10600
95148
97893
44200
83914
52195
75417
68648
37675
13471
81915
64520
97215
84132
21964
83645
29152
35043
98453
92596
30175
2684
19172
86472
14565
1694
94371
15597
57604
38410
63958
68202
35743
62486
26225
20356
4530
46893
78740
7476
66623
35187
39396
1435
63479
95622
21063
9900
74050
75041
76955
54535
61355
49626
22515
66118
15498
98923
32303
67217
72399
60654
37111
11052
94056
47745
43957
93776
49039
69449
76460
59958
57971
55218
97848
15695
27970
47252
5507
87474
17776
5554
73601
47085
82150
316
65962
32380
29417
98037
1073
11416
87174
239
19237
73126
53912
30545
84643
69584
59541
40634
6614
54097
11163
63744
7053
28106
76498
1009
15671
25778
96638
90139
77373
43402
84644
17319
23963
3950
32598
28831
18077
97735
50621
50192
74707
1117
74370
21515
18160
78186
28281
6758
41829
59434
3626
47008
71253
61710
49277
88449
71444
56912
41890
43711
1793
23137
33946
40317
79293
68222
55653
58382
35943
44673
65993
91095
34709
14708
92699
96403
33457
19424
23822
57968
39693
54819
21365
8342
54085
56704
44118
45032
14192
44113
73966
13027
87170
32375
67419
59651
86113
93682
67657
1637
70050
53516
12284
16295
58784
28303
39095
74732
1080
42935
84007
57884
48643
39106
8496
22023
53137
4164
12753
36522
77726
99384
29430
56266
64212
85264
40410
55741
63262
41645
17431
50217
64707
15658
25676
15076
79943
3795
98410
35770
67994
68147
46458
95565
64027
77515
93902
70583
67725
76894
71971
43179
37683
6857
22192
94361
6379
39728
84205
95280
4837
15411
73795
6525
56159
15008
17644
58738
80862
10786
35559
91619
12043
40472
60314
61385
54151
56320
69540
47657
54540
9905
40574
23439
8162
24520
86477
61427
14683
410
48840
44254
17228
41481
19200
21606
63560
58482
6160
93685
92026
70691
31458
32200
79647
29033
35516
30771
1917
42407
98693
46178
25572
59779
72920
98906
14880
71546
57860
94237
20152
97588
21661
3149
58982
55474
29763
5608
7603
16036
98028
6609
47982
59223
84529
94671
1385
56811
75218
22799
36561
49251
55751
12101
35784
50134
20164
55312
84768
63170
48615
69851
53334
5888
47105
26271
39816
52818
57727
89158
22516
39737
69845
58314
69327
23588
6374
55676
56223
8802
43858
30177
77206
5880
97820
97943
11179
12334
71734
95605
41014
63876
12075
82288
49704
24515
22217
46906
22469
13326
47498
10180
83135
26966
49149
95300
2800
25356
97494
95186
46324
72594
51054
93261
86656
37931
35160
67387
33923
43121
4386
92653
1975
71781
54148
1952
69284
80928
29864
37536
34642
68520
74229
82439
3336
77119
25018
77155
17926
65334
70004
50486
38747
38718
7644
78167
51460
46015
98864
16054
18786
92065
15260
77724
1878
86728
62757
39504
21340
46973
60274
23063
81890
48518
97751
58707
36963
27032
46271
14412
47300
50467
48501
29164
34089
49772
95663
66211
55861
30776
58296
8747
28413
67843
78873
46822
29864
93233
20931
59780
36006
74684
55803
30977
5193
2476
89986
73771
33764
28964
30880
40449
50718
93689
17933
6582
16467
11198
92220
45557
32968
35386
50244
51103
47208
54203
51627
17264
58112
79972
21457
16511
90036
97378
93079
45476
23132
96700
43115
65716
75806
43785
12049
59271
53769
37563
559
67899
66923
83545
92853
97841
24272
14602
61607
92181
10391
81229
20392
34812
39251
19398
45061
53446
14075
85011
39323
62050
35086
41052
51237
78929
25511
38345
95495
61922
28504
43565
96272
36445
39942
69088
72431
90779
3809
21259
70966
81586
93566
71708
64003
18479
43795
87674
60272
93564
35823
11986
29689
49793
58099
72879
7366
76198
34033
18185
22580
2423
81279
92596
68356
44768
36088
79929
92703
94680
72304
70274
76388
4698
55569
24558
7888
1165
30391
26500
84937
29286
39300
95589
98663
28644
92064
34650
90271
65241
93969
97132
40878
5864
33619
12755
76254
57449
23285
84102
34808
88586
19728
54673
18598
88784
7236
9829
26211
77147
25264
61609
54946
80647
27310
17934
38136
54350
36809
80192
64775
5387
5244
2232
17063
88858
10248
71182
70131
89404
68689
84108
74670
43158
90550
4542
88496
40056
86283
31590
37137
12699
99892
14091
18128
40004
81761
80178
22112
18373
33729
21797
75664
8579
48836
48271
89941
46738
34609
60458
16087
8668
19200
71567
17941
40352
64565
96108
79093
66071
74457
53332
94668
10739
92471
1105
37254
2944
27184
25780
25395
90092
14044
22285
34927
85923
10174
31286
80268
65682
68034
28937
32221
49133
10805
65234
63361
55373
44193
23872
56394
45425
2564
42197
57258
7781
43948
80348
85498
98304
43057
79674
92550
72071
35118
78877
18967
92335
73886
58961
42590
70784
3567
93073
91834
26004
26566
76091
89191
24479
39119
20988
41987
68329
30462
6539
54878
24918
92327
65682
81821
91815
97558
72838
68139
66810
88812
52023
30205
31212
86456
81763
8480
33630
5325
8134
99106
95797
81541
37548
19001
40475
73746
75398
63636
55300
35068
54203
45436
65579
34365
21110
71654
19674
91765
82781
44536
54665
19914
36994
97589
8125
92127
97458
86247
79346
53456
37258
52040
33523
7303
79082
10541
68646
91999
30690
66640
97669
20499
78728
6136
52838
78241
7660
12903
79389
80000
41187
50880
81367
94587
43935
59730
75367
98345
17984
84742
4094
79914
80803
28833
21715
97985
85112
9494
8610
1289
44338
27787
78097
85269
78840
48774
62573
12679
28760
7253
68787
49676
77595
79735
